 solution: [7, 12, 9, 9, 17, 17, 2, 7, 4, 13, 17, 12, 15, 16, 13, 17, 17, 2, 9, 12, 15, 16, 4, 8, 17, 9, 7, 16, 17, 2, 8, 15, 17, 14, 16, 8, 4, 2, 17, 17, 14, 14, 8, 8, 14, 16, 17, 7, 14, 88, 9, 88, 15, 13, 4, 13, 13, 15, 12, 15, 9, 2, 7, 16, 88, 15, 12, 88, 4, 13, 88, 88, 16, 7, 7, 7, 14, 15, 8, 13, 7, 14, 17, 88, 14, 4, 15, 16, 13, 12, 9, 8, 8, 9, 12, 2, 7, 8, 8, 2, 9, 2, 13, 9, 8, 88, 12, 88, 2, 8, 12, 16, 8, 7, 12, 16, 12, 7, 2, 88, 14, 7, 15, 9, 12]
 starting color: 17
 n_colors: 12
 mean: 21.31
 std: 12.903251528200169
 execution time: 4 minutes and 30.78 seconds solution: [11, 23, 36, 6, 17, 15, 9, 10, 36, 10, 1, 10, 11, 23, 6, 11, 6, 15, 11, 12, 17, 8, 17, 14, 15, 23, 11, 12, 9, 11, 6, 10, 23, 36, 8, 36, 36, 8, 9, 10, 10, 14, 12, 6, 17, 8, 6, 10, 23, 12, 15, 15, 9, 15, 17, 17, 15, 8, 17, 36, 12, 12, 12, 36, 12, 1, 23, 6, 11, 1, 23, 11, 17, 10, 8, 36, 15, 15, 12, 12, 8, 1, 9, 8, 1, 12, 9, 12, 9, 23, 17, 8, 8, 11, 6, 23, 10, 1, 1, 14, 23, 11, 15, 17, 36, 6, 9, 23, 12, 1, 6, 17, 8, 10, 23, 15, 6, 14, 12, 23, 12, 36, 23, 14, 15]
 starting color: 17
 n_colors: 12
 mean: 22.59
 std: 12.6847112698713
 execution time: 4 minutes and 46.95 seconds