 solution: [21, 18, 7, 9, 1, 20, 4, 9, 19, 4, 21, 7, 18, 1, 20, 7, 9, 23, 19, 21, 8, 23, 4, 21, 20, 9, 1, 18, 8, 1, 23, 19, 4, 7, 20, 19, 9, 8, 7, 20, 23, 21, 1, 23, 20, 4, 21, 8, 7]
 starting color: 24
 n_colors: 10
 mean: 38.05
 std: 25.370603067329718
 execution time: 6 minutes and 34.29 seconds solution: [13, 15, 23, 1, 16, 8, 37, 14, 16, 8, 15, 13, 4, 34, 15, 13, 1, 4, 34, 23, 8, 4, 34, 16, 8, 1, 13, 15, 8, 23, 13, 37, 15, 16, 14, 37, 14, 15, 16, 4, 34, 13, 16, 4, 34, 14, 37, 1, 23]
 starting color: 24
 n_colors: 10
 mean: 71.76
 std: 22.66191518826244
 execution time: 6 minutes and 7.09 seconds