 solution: [114, 15, 14, 1, 17, 17, 2, 12, 2, 9, 1, 16, 12, 11, 2, 14, 2, 9, 14, 114, 6, 114, 17, 17, 16, 8, 11, 17, 12, 11, 114, 14, 114, 1, 15, 9, 2, 11, 114, 16, 8, 6, 9, 14, 11, 11, 17, 1, 11, 15, 16, 15, 1, 2, 14, 114, 114, 9, 1, 8, 1, 15, 8, 16, 15, 8, 14, 11, 5, 2, 8, 12, 11, 9, 114, 5, 6, 17, 6, 9, 16, 5, 1, 14, 5, 2, 114, 15, 17, 8, 5, 114, 15, 9, 2, 11, 1, 16, 9, 14, 16, 1, 2, 6, 2, 8, 8, 14, 9, 2, 14, 12, 16, 6, 5, 9, 14, 6, 2, 8, 5, 15, 5, 5, 14]
 starting color: 17
 n_colors: 13
 mean: 23.69
 std: 12.083621145997586
 execution time: 4 minutes and 26.6 seconds solution: [4, 16, 17, 8, 8, 12, 8, 16, 4, 13, 4, 4, 16, 13, 15, 8, 13, 16, 2, 116, 4, 4, 17, 8, 16, 17, 11, 11, 13, 16, 116, 5, 8, 12, 1, 17, 11, 116, 5, 3, 5, 116, 15, 16, 11, 11, 5, 16, 13, 12, 4, 15, 5, 5, 11, 8, 3, 4, 16, 17, 16, 15, 12, 8, 12, 116, 15, 13, 11, 15, 13, 12, 1, 15, 11, 116, 13, 116, 1, 1, 2, 5, 15, 1, 15, 12, 5, 13, 8, 116, 16, 16, 4, 8, 5, 5, 15, 116, 12, 3, 17, 8, 3, 2, 116, 2, 1, 16, 15, 4, 13, 1, 15, 17, 13, 12, 11, 2, 15, 3, 5, 12, 5, 16, 3]
 starting color: 17
 n_colors: 13
 mean: 29.37
 std: 12.944230374958567
 execution time: 4 minutes and 46.92 seconds