 solution: [43, 18, 15, 4, 9, 12, 25, 9, 14, 12, 25, 43, 18, 13, 18, 13, 4, 15, 6, 9, 12, 15, 43, 25, 12, 14, 13, 18, 12, 4, 13, 6, 18, 43, 14, 13, 9, 18, 14, 15, 6, 4, 4, 12, 6, 9, 25, 14, 15]
 starting color: 24
 n_colors: 10
 mean: 37.86
 std: 27.753925848427283
 execution time: 5 minutes and 10.32 seconds solution: [10, 5, 18, 14, 31, 2, 20, 31, 2, 17, 23, 20, 43, 5, 43, 23, 20, 31, 14, 10, 17, 2, 14, 10, 17, 18, 5, 23, 18, 17, 2, 43, 23, 20, 10, 5, 10, 23, 20, 2, 31, 43, 23, 31, 43, 18, 5, 17, 14]
 starting color: 24
 n_colors: 10
 mean: 38.71
 std: 28.360992577834793
 execution time: 5 minutes and 5.3 seconds