 solution: [11, 11, 16, 11, 102, 2, 12, 2, 61, 61, 2, 5, 5, 4, 5, 8, 12, 11, 5, 4, 10, 61, 11, 8, 12, 8, 16, 10, 7, 2, 7, 8, 16, 11, 11, 61, 7, 102, 12, 16, 7, 8, 2, 5, 10, 2, 11, 11, 4, 16, 10, 16, 61, 12, 8, 61, 7, 5, 12, 2, 2, 4, 61, 12, 16, 8, 5, 7, 10, 5, 12, 4, 7, 2, 61, 12, 11, 61, 102, 8, 7, 11, 11, 16, 12, 5, 7, 61, 61, 10, 5, 8, 7, 8, 61, 4, 102, 10, 102, 7, 7, 102, 7, 7, 102, 4, 102, 16, 12, 5, 8, 10, 8, 61, 102, 61, 5, 4, 102, 12, 5, 11, 5, 12, 61]
 starting color: 17
 n_colors: 11
 mean: 19.54
 std: 9.961345290672341
 execution time: 4 minutes and 24.91 seconds solution: [2, 5, 14, 11, 13, 3, 8, 14, 12, 14, 12, 15, 11, 5, 11, 12, 13, 2, 86, 11, 3, 11, 13, 12, 2, 3, 2, 17, 5, 5, 86, 11, 11, 86, 5, 8, 5, 12, 5, 13, 110, 11, 17, 5, 14, 86, 14, 17, 11, 2, 12, 3, 11, 12, 14, 11, 12, 5, 86, 14, 11, 3, 2, 13, 11, 8, 2, 15, 12, 5, 86, 12, 5, 14, 12, 3, 3, 13, 11, 13, 86, 17, 15, 14, 5, 3, 11, 13, 8, 110, 110, 15, 8, 15, 13, 14, 2, 3, 110, 2, 86, 12, 13, 13, 8, 14, 15, 86, 11, 17, 5, 2, 5, 14, 3, 8, 11, 86, 3, 13, 110, 2, 11, 86, 2]
 starting color: 17
 n_colors: 12
 mean: 26.94
 std: 14.998546596253918
 execution time: 4 minutes and 45.43 seconds