 solution: [10, 10, 17, 11, 5, 7, 14, 7, 14, 3, 36, 10, 8, 10, 16, 99, 5, 5, 17, 3, 8, 10, 36, 36, 5, 8, 36, 36, 11, 14, 14, 8, 14, 14, 3, 17, 17, 99, 10, 8, 5, 3, 17, 16, 5, 14, 16, 14, 5, 7, 17, 11, 3, 36, 3, 8, 3, 8, 7, 14, 3, 16, 8, 14, 3, 7, 8, 16, 36, 17, 14, 3, 8, 99, 14, 7, 99, 8, 16, 3, 8, 16, 10, 7, 11, 3, 36, 11, 14, 36, 99, 7, 36, 3, 17, 17, 14, 7, 17, 3, 3, 14, 11, 16, 14, 8, 36, 16, 3, 17, 99, 14, 7, 8, 99, 5, 36, 7, 10, 5, 3, 8, 17, 11, 10]
 starting color: 17
 n_colors: 11
 mean: 21.08
 std: 11.49754756458959
 execution time: 4 minutes and 27.5 seconds solution: [79, 11, 8, 10, 12, 16, 54, 12, 17, 13, 79, 11, 10, 12, 11, 6, 10, 4, 8, 79, 13, 6, 108, 8, 54, 6, 4, 12, 10, 108, 10, 8, 8, 12, 108, 16, 16, 79, 12, 6, 16, 79, 12, 8, 108, 108, 8, 79, 108, 10, 8, 54, 11, 12, 4, 13, 79, 16, 54, 54, 13, 54, 16, 17, 54, 10, 4, 16, 12, 108, 54, 79, 4, 8, 6, 13, 10, 54, 108, 17, 17, 10, 8, 6, 4, 11, 17, 108, 10, 12, 12, 17, 16, 6, 12, 54, 11, 17, 79, 54, 79, 17, 13, 54, 79, 13, 17, 11, 13, 8, 16, 11, 13, 11, 12, 54, 11, 79, 108, 11, 10, 13, 10, 54, 16]
 starting color: 17
 n_colors: 12
 mean: 30.49
 std: 11.729019566869177
 execution time: 4 minutes and 46.43 seconds