 solution: [6, 6, 15, 6, 12, 16, 63, 13, 63, 11, 63, 15, 9, 2, 12, 8, 63, 4, 9, 9, 15, 6, 6, 12, 8, 2, 4, 13, 13, 4, 9, 15, 4, 11, 63, 11, 11, 17, 17, 8, 17, 2, 8, 15, 11, 63, 12, 15, 4, 2, 13, 17, 63, 17, 16, 12, 16, 11, 12, 63, 15, 9, 9, 9, 4, 6, 4, 17, 17, 63, 4, 4, 6, 63, 13, 17, 2, 6, 12, 13, 2, 15, 4, 13, 2, 13, 13, 4, 4, 8, 15, 11, 6, 15, 4, 11, 12, 2, 11, 8, 17, 12, 16, 13, 63, 16, 8, 12, 12, 15, 6, 4, 8, 6, 17, 6, 6, 16, 15, 63, 11, 9, 63, 17, 17]
 starting color: 17
 n_colors: 12
 mean: 19.64
 std: 10.146447654228547
 execution time: 4 minutes and 26.7 seconds solution: [14, 97, 116, 17, 2, 15, 15, 3, 5, 3, 2, 3, 14, 116, 14, 116, 3, 2, 13, 110, 2, 5, 3, 110, 1, 97, 2, 17, 13, 13, 13, 1, 116, 116, 13, 17, 97, 110, 3, 1, 17, 2, 110, 2, 5, 12, 5, 12, 14, 2, 110, 1, 97, 97, 13, 5, 5, 12, 15, 3, 2, 2, 5, 97, 5, 15, 12, 12, 116, 110, 14, 110, 13, 97, 14, 2, 1, 1, 5, 110, 14, 116, 12, 15, 14, 15, 15, 17, 13, 14, 3, 12, 13, 12, 13, 97, 17, 110, 110, 2, 116, 13, 12, 3, 2, 5, 15, 5, 110, 110, 116, 5, 15, 17, 14, 5, 1, 17, 110, 116, 110, 1, 1, 17, 1]
 starting color: 17
 n_colors: 12
 mean: 23.84
 std: 13.165652281600027
 execution time: 4 minutes and 46.85 seconds