 solution: [5, 13, 13, 12, 13, 15, 6, 15, 11, 111, 7, 14, 12, 13, 12, 4, 12, 4, 11, 10, 7, 15, 4, 10, 4, 5, 10, 10, 7, 4, 7, 11, 4, 111, 7, 4, 11, 11, 13, 12, 111, 111, 15, 11, 5, 15, 13, 15, 4, 14, 4, 7, 6, 11, 38, 4, 10, 14, 14, 6, 111, 7, 15, 6, 111, 111, 10, 10, 13, 5, 111, 38, 111, 6, 5, 5, 12, 7, 15, 38, 12, 10, 6, 5, 38, 5, 10, 15, 12, 10, 5, 4, 10, 15, 11, 14, 4, 14, 38, 12, 13, 11, 38, 12, 10, 14, 10, 7, 10, 13, 38, 4, 15, 7, 5, 111, 12, 6, 4, 6, 111, 38, 13, 111, 5]
 starting color: 17
 n_colors: 12
 mean: 22.49
 std: 10.39374331028047
 execution time: 4 minutes and 33.31 seconds solution: [9, 8, 11, 8, 3, 3, 10, 10, 11, 11, 75, 11, 6, 4, 61, 8, 61, 10, 4, 3, 61, 6, 10, 7, 2, 11, 61, 9, 61, 4, 13, 61, 13, 7, 9, 75, 2, 13, 75, 6, 2, 9, 10, 11, 2, 10, 13, 13, 61, 4, 75, 2, 61, 10, 3, 10, 6, 11, 10, 13, 6, 6, 10, 10, 7, 3, 4, 11, 75, 3, 9, 2, 3, 6, 9, 75, 61, 7, 10, 61, 4, 9, 9, 75, 75, 2, 6, 10, 13, 75, 9, 9, 75, 6, 2, 3, 6, 2, 11, 2, 9, 13, 3, 11, 6, 11, 3, 6, 8, 8, 9, 6, 75, 3, 4, 8, 10, 6, 61, 10, 11, 8, 2, 7, 3]
 starting color: 17
 n_colors: 12
 mean: 21.01
 std: 13.198859799240239
 execution time: 4 minutes and 45.58 seconds