 solution: [15, 13, 24, 42, 11, 2, 12, 6, 12, 11, 2, 13, 17, 15, 11, 17, 13, 24, 42, 12, 20, 13, 20, 42, 6, 2, 15, 11, 42, 11, 2, 20, 17, 6, 13, 17, 15, 6, 13, 12, 20, 42, 20, 42, 12, 15, 6, 24, 2]
 starting color: 24
 n_colors: 10
 mean: 38.37
 std: 27.25459777725586
 execution time: 5 minutes and 5.95 seconds solution: [18, 36, 6, 23, 3, 21, 7, 23, 9, 3, 36, 7, 18, 8, 26, 21, 7, 18, 23, 9, 6, 7, 18, 9, 21, 6, 8, 36, 21, 23, 8, 3, 36, 7, 18, 36, 26, 21, 7, 18, 6, 23, 6, 7, 18, 8, 9, 36, 3]
 starting color: 24
 n_colors: 10
 mean: 36.93
 std: 27.021197234763676
 execution time: 5 minutes and 11.12 seconds