 solution: [5, 2, 12, 8, 26, 16, 21, 26, 29, 16, 13, 21, 8, 11, 8, 5, 11, 26, 16, 2, 12, 13, 21, 29, 2, 12, 5, 26, 29, 11, 26, 16, 8, 13, 2, 12, 13, 8, 11, 2, 21, 29, 11, 26, 21, 29, 5, 12, 16]
 starting color: 24
 n_colors: 10
 mean: 69.82
 std: 23.61837420314955
 execution time: 5 minutes and 14.4 seconds solution: [39, 17, 32, 46, 14, 29, 9, 29, 9, 33, 39, 17, 46, 23, 46, 23, 29, 32, 33, 9, 39, 14, 32, 39, 17, 16, 23, 33, 9, 46, 23, 33, 32, 39, 17, 33, 29, 17, 16, 9, 14, 46, 32, 39, 14, 23, 29, 17, 16]
 starting color: 24
 n_colors: 10
 mean: 33.04
 std: 23.058152571270753
 execution time: 5 minutes and 5.46 seconds