 solution: [4, 32, 29, 18, 44, 28, 25, 44, 28, 25, 32, 29, 47, 18, 47, 41, 18, 44, 4, 25, 12, 29, 4, 32, 12, 47, 18, 28, 28, 18, 44, 29, 25, 41, 47, 25, 29, 28, 41, 18, 32, 4, 18, 44, 47, 25, 28, 12, 29]
 starting color: 24
 n_colors: 10
 mean: 38.88
 std: 29.354822431757274
 execution time: 7 minutes and 7.56 seconds solution: [27, 48, 47, 39, 7, 42, 16, 47, 6, 42, 27, 10, 48, 38, 7, 10, 16, 38, 42, 6, 27, 6, 38, 27, 47, 16, 10, 48, 42, 16, 10, 48, 39, 27, 6, 48, 39, 7, 42, 6, 38, 47, 38, 27, 48, 10, 47, 39, 42]
 starting color: 24
 n_colors: 10
 mean: 41.46
 std: 31.468530312043494
 execution time: 5 minutes and 4.24 seconds