 solution: [45, 20, 40, 4, 12, 10, 21, 9, 21, 12, 24, 13, 4, 40, 10, 24, 4, 40, 9, 21, 13, 13, 9, 21, 20, 10, 12, 45, 21, 45, 13, 12, 40, 24, 20, 4, 12, 24, 21, 20, 13, 9, 40, 13, 9, 10, 4, 45, 12]
 starting color: 24
 n_colors: 10
 mean: 36.96
 std: 28.678186832503904
 execution time: 8 minutes and 17.66 seconds solution: [10, 12, 9, 24, 2, 42, 3, 2, 15, 8, 20, 3, 10, 9, 24, 9, 3, 10, 15, 8, 20, 15, 10, 24, 8, 20, 2, 12, 9, 20, 42, 15, 12, 3, 24, 8, 2, 12, 3, 42, 9, 15, 12, 42, 10, 9, 8, 20, 2]
 starting color: 24
 n_colors: 10
 mean: 35.2
 std: 27.857494503275056
 execution time: 5 minutes and 9.42 seconds