 solution: [11, 12, 4, 3, 12, 10, 14, 14, 12, 17, 2, 14, 1, 2, 16, 3, 1, 5, 3, 4, 16, 3, 5, 5, 16, 2, 1, 16, 3, 5, 11, 16, 4, 12, 17, 9, 4, 17, 12, 16, 15, 17, 16, 17, 2, 10, 17, 12, 3, 11, 10, 10, 2, 1, 4, 12, 3, 11, 16, 9, 16, 10, 1, 10, 3, 9, 5, 5, 9, 10, 1, 17, 16, 15, 16, 10, 1, 4, 3, 3, 5, 14, 3, 10, 2, 9, 11, 1, 4, 9, 16, 14, 5, 4, 12, 10, 12, 2, 2, 15, 15, 12, 11, 5, 9, 11, 4, 1, 3, 2, 4, 2, 16, 16, 1, 14, 16, 15, 2, 4, 3, 3, 16, 11, 16]
 starting color: 17
 n_colors: 13
 mean: 23.18
 std: 14.003128221936697
 execution time: 4 minutes and 24.49 seconds solution: [55, 55, 6, 55, 15, 11, 11, 13, 15, 13, 15, 16, 7, 6, 14, 55, 9, 7, 55, 16, 8, 11, 6, 11, 17, 15, 4, 16, 14, 4, 8, 9, 14, 8, 13, 6, 6, 15, 55, 16, 4, 14, 4, 7, 14, 11, 8, 8, 14, 55, 55, 4, 17, 55, 13, 55, 11, 11, 9, 6, 16, 8, 9, 55, 17, 9, 55, 15, 16, 17, 14, 7, 9, 11, 16, 55, 7, 6, 4, 14, 14, 17, 13, 4, 6, 13, 11, 55, 17, 4, 4, 6, 55, 13, 55, 11, 6, 15, 6, 55, 14, 17, 55, 4, 6, 9, 15, 15, 15, 11, 55, 17, 13, 9, 14, 13, 6, 8, 4, 17, 6, 16, 8, 55, 9]
 starting color: 17
 n_colors: 12
 mean: 19.28
 std: 10.127270115880192
 execution time: 4 minutes and 45.98 seconds