 solution: [10, 14, 5, 5, 12, 12, 5, 11, 30, 68, 9, 11, 5, 68, 5, 30, 30, 68, 14, 11, 12, 5, 12, 30, 10, 14, 30, 11, 13, 6, 6, 6, 6, 68, 17, 14, 68, 15, 9, 6, 13, 30, 14, 11, 10, 17, 15, 6, 13, 11, 14, 10, 5, 68, 12, 9, 13, 6, 10, 12, 13, 14, 12, 68, 13, 6, 14, 9, 6, 17, 15, 30, 15, 14, 10, 15, 15, 17, 15, 14, 13, 9, 14, 10, 9, 17, 14, 12, 5, 9, 10, 68, 12, 12, 6, 14, 30, 68, 12, 5, 9, 12, 17, 10, 68, 6, 5, 12, 9, 6, 9, 12, 6, 9, 13, 68, 6, 11, 30, 68, 17, 68, 30, 13, 15]
 starting color: 17
 n_colors: 12
 mean: 19.84
 std: 11.900184872513535
 execution time: 4 minutes and 24.49 seconds solution: [5, 16, 13, 16, 14, 15, 16, 6, 11, 8, 13, 14, 16, 15, 16, 13, 13, 77, 8, 13, 15, 16, 15, 8, 15, 15, 3, 15, 16, 8, 16, 6, 13, 77, 15, 77, 11, 6, 6, 3, 3, 11, 6, 8, 3, 13, 11, 15, 13, 12, 5, 6, 3, 6, 8, 3, 11, 77, 6, 12, 8, 16, 77, 13, 8, 6, 12, 12, 14, 5, 14, 5, 77, 77, 13, 12, 3, 15, 8, 11, 12, 6, 11, 6, 77, 14, 11, 77, 12, 14, 10, 5, 14, 15, 77, 77, 15, 5, 6, 16, 13, 15, 16, 8, 10, 8, 12, 16, 77, 5, 14, 16, 10, 16, 6, 77, 3, 13, 11, 77, 15, 10, 3, 16, 8]
 starting color: 17
 n_colors: 12
 mean: 19.3
 std: 9.058145505565696
 execution time: 4 minutes and 46.31 seconds