 solution: [7, 22, 1, 16, 17, 8, 5, 41, 17, 14, 5, 22, 1, 16, 16, 1, 41, 3, 7, 5, 14, 22, 14, 17, 8, 1, 3, 7, 3, 7, 22, 14, 16, 17, 8, 1, 16, 8, 17, 3, 14, 41, 14, 41, 7, 1, 5, 16, 3]
 starting color: 24
 n_colors: 10
 mean: 45.31
 std: 28.80544913727262
 execution time: 5 minutes and 7.94 seconds solution: [9, 2, 39, 33, 32, 12, 34, 32, 16, 12, 23, 2, 4, 39, 23, 4, 2, 32, 9, 34, 12, 39, 9, 33, 12, 16, 32, 23, 12, 23, 32, 9, 34, 33, 2, 34, 33, 4, 2, 39, 23, 9, 16, 32, 9, 34, 12, 2, 4]
 starting color: 24
 n_colors: 10
 mean: 39.02
 std: 32.1378219548245
 execution time: 5 minutes and 5.54 seconds