 solution: [11, 7, 43, 42, 21, 49, 41, 42, 1, 49, 39, 41, 7, 43, 7, 39, 42, 11, 49, 21, 6, 43, 41, 7, 6, 39, 42, 49, 49, 42, 39, 41, 7, 43, 11, 39, 43, 1, 21, 6, 41, 42, 1, 49, 41, 7, 43, 11, 21]
 starting color: 24
 n_colors: 10
 mean: 35.55
 std: 28.368776850615184
 execution time: 7 minutes and 58.04 seconds solution: [49, 24, 43, 16, 15, 35, 8, 16, 8, 17, 19, 49, 24, 43, 35, 19, 24, 43, 9, 8, 16, 43, 49, 8, 17, 16, 15, 19, 8, 17, 16, 15, 35, 49, 24, 9, 15, 19, 8, 17, 16, 35, 19, 35, 49, 24, 43, 9, 15]
 starting color: 24
 n_colors: 10
 mean: 35.08
 std: 24.94140332860202
 execution time: 6 minutes and 15.06 seconds