 solution: [20, 19, 10, 1, 41, 34, 32, 34, 44, 3, 20, 32, 19, 10, 41, 10, 1, 14, 3, 44, 20, 14, 34, 44, 41, 20, 1, 19, 19, 1, 14, 32, 10, 41, 34, 10, 20, 19, 44, 14, 32, 1, 44, 41, 32, 10, 1, 20, 14]
 starting color: 24
 n_colors: 10
 mean: 31.89
 std: 25.796470688836486
 execution time: 4 minutes and 45.58 seconds solution: [33, 5, 25, 21, 10, 42, 18, 10, 42, 12, 16, 5, 25, 21, 21, 39, 5, 25, 12, 10, 42, 5, 12, 21, 39, 16, 33, 25, 18, 10, 33, 12, 25, 21, 5, 12, 21, 42, 5, 33, 18, 10, 16, 33, 10, 18, 39, 5, 12]
 starting color: 24
 n_colors: 10
 mean: 43.23
 std: 32.991166999668266
 execution time: 5 minutes and 4.15 seconds