 solution: [9, 4, 17, 9, 3, 14, 4, 2, 12, 2, 6, 113, 17, 54, 1, 9, 3, 1, 36, 2, 36, 113, 9, 6, 1, 6, 36, 6, 2, 36, 113, 2, 14, 12, 54, 16, 9, 2, 54, 6, 6, 6, 12, 6, 1, 36, 14, 9, 3, 1, 17, 36, 17, 3, 17, 113, 4, 9, 3, 9, 4, 16, 9, 3, 54, 17, 12, 1, 36, 4, 2, 1, 3, 16, 3, 1, 14, 4, 3, 113, 113, 36, 16, 2, 14, 6, 12, 113, 113, 36, 54, 17, 113, 12, 6, 2, 4, 17, 12, 3, 113, 14, 17, 2, 1, 12, 2, 1, 17, 16, 2, 1, 14, 2, 1, 3, 14, 54, 4, 17, 16, 4, 2, 113, 36]
 starting color: 17
 n_colors: 13
 mean: 21.08
 std: 11.343438632090358
 execution time: 4 minutes and 25.87 seconds solution: [8, 10, 3, 102, 11, 9, 9, 6, 11, 1, 17, 10, 12, 1, 11, 17, 3, 6, 8, 7, 1, 1, 7, 3, 14, 12, 8, 102, 12, 14, 12, 8, 3, 1, 9, 12, 8, 17, 6, 1, 8, 1, 8, 11, 11, 17, 9, 17, 7, 15, 15, 9, 17, 15, 102, 12, 17, 8, 7, 10, 17, 7, 11, 9, 10, 10, 6, 3, 8, 9, 10, 3, 8, 11, 17, 7, 6, 10, 12, 11, 8, 17, 6, 8, 6, 6, 8, 6, 3, 8, 7, 10, 8, 11, 9, 14, 10, 11, 11, 7, 14, 17, 11, 3, 15, 10, 8, 102, 15, 11, 15, 14, 11, 10, 6, 15, 8, 17, 14, 14, 12, 12, 17, 10, 9]
 starting color: 17
 n_colors: 13
 mean: 30.1
 std: 14.804391240439436
 execution time: 4 minutes and 48.7 seconds