 solution: [12, 5, 5, 12, 15, 2, 4, 14, 15, 15, 4, 16, 13, 12, 17, 2, 15, 6, 6, 8, 13, 38, 38, 38, 16, 13, 17, 14, 17, 6, 14, 15, 13, 8, 6, 13, 14, 17, 8, 15, 16, 8, 15, 4, 8, 17, 5, 15, 4, 4, 12, 38, 15, 5, 8, 8, 5, 16, 13, 14, 6, 16, 16, 13, 6, 38, 13, 13, 15, 16, 13, 5, 17, 4, 15, 5, 2, 12, 16, 14, 13, 5, 17, 14, 13, 2, 17, 2, 38, 8, 16, 14, 2, 4, 17, 14, 12, 5, 6, 17, 5, 12, 2, 14, 6, 38, 13, 14, 13, 17, 2, 6, 8, 16, 8, 6, 16, 14, 2, 15, 6, 6, 15, 14, 2]
 starting color: 17
 n_colors: 12
 mean: 19.84
 std: 12.020582348621883
 execution time: 4 minutes and 27.76 seconds solution: [11, 24, 10, 17, 31, 31, 10, 2, 11, 4, 2, 31, 4, 7, 17, 2, 6, 10, 10, 4, 7, 15, 13, 15, 11, 10, 4, 1, 31, 10, 15, 1, 3, 7, 4, 1, 17, 13, 31, 7, 1, 3, 1, 31, 6, 6, 7, 7, 4, 11, 11, 2, 3, 24, 3, 2, 17, 11, 1, 11, 31, 7, 24, 24, 13, 31, 42, 24, 6, 24, 24, 24, 4, 42, 2, 2, 13, 7, 13, 15, 42, 2, 17, 42, 17, 13, 11, 24, 4, 13, 17, 11, 11, 17, 7, 15, 10, 3, 11, 42, 7, 11, 10, 6, 11, 1, 7, 7, 17, 31, 4, 17, 4, 24, 6, 11, 7, 1, 6, 10, 17, 17, 15, 2, 13]
 starting color: 17
 n_colors: 14
 mean: 33.44
 std: 12.23136950631449
 execution time: 4 minutes and 45.68 seconds