 solution: [12, 23, 18, 29, 27, 49, 22, 49, 22, 27, 24, 12, 23, 2, 17, 12, 49, 2, 29, 22, 24, 23, 29, 22, 17, 18, 12, 27, 18, 17, 12, 27, 2, 24, 49, 29, 2, 24, 18, 23, 27, 12, 24, 49, 29, 12, 22, 18, 23]
 starting color: 24
 n_colors: 10
 mean: 45.63
 std: 34.04251900197751
 execution time: 6 minutes and 15.36 seconds solution: [37, 24, 8, 1, 6, 4, 19, 20, 6, 4, 15, 37, 8, 16, 15, 8, 1, 16, 24, 20, 4, 16, 19, 6, 4, 8, 37, 24, 8, 15, 37, 24, 16, 19, 6, 1, 20, 19, 8, 4, 24, 37, 6, 4, 24, 37, 20, 16, 8]
 starting color: 24
 n_colors: 10
 mean: 69.88
 std: 21.661615821540178
 execution time: 5 minutes and 6.22 seconds